%DMC Yb+ ion in ultracold gas of Li atoms
%[n,E/n,E,runtime,Emean,Rmax,N0,dE,boxsize,C8,C12,b,c,t0,dt,meanruntime,N1,f]
data{100} = [...
[2,-0.010226,-0.020452,6.8301,-0.020449,8.1991,500,9.9657e-05,2.7402,80157,319250000,-1,-1,50000,100,6.3932,499,0,];
[3,-0.014086,-0.042258,7.9554,-0.042237,8.1759,500,0.00012901,3.8037,80157,319250000,-1,-1,50000,100,5.8126,497,0,];
[4,-0.016341,-0.065364,6.8829,-0.065356,8.12,500,0.00015583,4.5771,80157,319250000,-1,-1,50000,100,6.3802,495,0,];
[5,-0.017753,-0.088764,11.1083,-0.088741,8.2271,500,0.00019212,5.7373,80157,319250000,-1,-1,50000,100,10.9469,493,0,];
[6,-0.018869,-0.11321,13.9427,-0.11319,8.0961,500,0.00019975,6.3174,80157,319250000,-1,-1,50000,100,13.7515,490,0,];
];
%[cores,coresPerN,nb,rmin,rmax]
params{100} = [10,3,1000,1,100,];
